2021 10 1  0.06 0.02 0.08 0.03 0.03 0.04 0.02 0.04 0.02 0.01 0.04 0.01 0.04 0.02 0.02 0.03 0.02 0.04 0.02 0.03 0.02 0.03 0.03 0.04 0.04 0.02 0.02 0.02 0.04 0.03 0.03 0.03 0.02 0.02 0.03 0.02 0.03 0.04 0.02 0.02 0.02 0.02 0.02 0.04 0.03 0.02 0.03 0.02 0.05 0.04
2021 10 2  0.01 0.00 0.00 0.00 0.00 0.01 0.00 0.00 0.02 0.00 0.00 0.00 0.01 0.00 0.01 0.00 0.00 0.00 0.00 0.00 0.00 0.00 0.00 0.01 0.00 0.01 0.00 0.00 0.00 0.00 0.00 0.00 0.00 0.00 0.01 0.01 0.00 0.01 0.00 0.00 0.00 0.00 0.00 0.01 0.01 0.01 0.00 0.00 0.01 0.02
2021 10 3  0.01 0.00 0.02 0.01 0.00 0.00 0.00 0.00 0.01 0.00 0.00 0.00 0.00 0.00 0.01 0.00 0.01 0.01 0.00 0.01 0.00 0.01 0.00 0.01 0.00 0.00 0.00 0.00 0.00 0.01 0.01 0.00 0.00 0.00 0.00 0.00 0.00 0.00 0.01 0.00 0.01 0.00 0.02 0.00 0.00 0.00 0.00 0.01 0.00 0.01
2021 10 4  0.01 0.00 0.02 0.03 0.00 0.01 0.00 0.00 0.03 0.00 0.01 0.02 0.01 0.01 0.00 0.02 0.01 0.02 0.00 0.01 0.02 0.00 0.01 0.01 0.00 0.01 0.00 0.00 0.01 0.01 0.01 0.01 0.01 0.02 0.06 0.00 0.00 0.00 0.03 0.01 0.02 0.01 0.00 0.00 0.01 0.01 0.00 0.00 0.00 0.01
2021 10 5  0.02 0.02 0.09 0.05 0.04 0.04 0.08 0.05 0.10 0.01 0.02 0.02 0.01 0.08 0.05 0.23 0.04 0.07 0.02 0.07 0.02 0.01 0.03 0.13 0.05 0.10 0.01 0.03 0.04 0.15 0.09 0.02 0.00 0.04 0.33 0.50 0.03 0.66 0.02 0.03 0.12 0.15 0.03 2.36 0.06 0.15 0.06 0.03 0.04 0.10
2021 10 6  0.02 1.38 1.87 0.03 1.84 0.06 0.96 0.09 1.34 0.17 0.00 0.98 0.04 1.29 0.28 5.63 0.19 2.79 0.01 0.47 0.24 0.12 0.25 0.52 3.67 2.09 0.00 0.49 0.17 1.13 0.21 0.68 1.30 0.14 2.26 0.17 2.05 0.37 0.15 0.07 0.36 0.38 0.18 4.88 0.91 0.70 0.13 0.29 1.85 2.00
2021 10 7  0.36 3.09 7.74 0.02 6.32 0.00 1.10 0.06 0.82 1.13 0.32 1.76 0.45 0.54 0.16 2.64 0.59 1.59 0.04 1.09 0.06 0.49 0.71 1.21 3.13 2.36 0.01 1.81 0.36 3.35 1.48 1.19 3.30 0.20 0.94 0.55 7.71 0.44 1.73 0.32 0.12 2.69 0.25 2.36 3.38 0.42 0.13 1.14 1.10 1.05
2021 10 8  0.62 1.19 11.92 0.31 5.32 0.01 0.47 0.06 0.35 0.79 0.01 1.35 0.63 0.67 0.21 1.23 0.08 1.54 0.03 1.02 0.03 0.03 0.15 1.49 0.30 0.24 0.00 0.48 1.60 6.12 2.79 2.76 0.65 0.98 0.06 0.95 0.70 0.22 0.36 2.75 1.61 4.38 0.86 2.00 0.93 0.06 0.09 0.42 0.05 1.97
2021 10 9  1.58 5.25 2.16 0.08 0.44 0.45 0.19 0.01 0.00 0.15 0.00 -0.00 0.52 0.36 2.48 6.04 0.00 14.42 0.01 0.72 0.13 0.00 0.02 0.36 0.32 0.79 0.00 0.01 1.12 1.27 0.64 2.81 0.04 2.28 0.58 2.27 0.05 1.13 0.93 0.25 0.47 8.82 2.16 0.66 2.39 0.97 0.01 0.00 0.12 3.06
2021 10 10  0.02 1.69 0.11 0.63 0.40 0.23 0.11 0.01 0.00 0.13 0.01 0.08 0.01 0.41 0.12 0.06 0.00 0.99 0.32 0.27 0.02 0.00 0.01 0.02 0.04 0.01 0.00 0.03 0.39 1.74 0.07 0.03 0.01 0.48 0.01 0.14 0.16 1.22 0.88 0.01 0.01 7.42 0.16 0.03 1.42 0.20 0.03 -0.00 0.00 4.70
2021 10 11  3.52 0.00 0.04 1.38 0.00 0.01 0.12 0.07 0.01 0.00 0.03 0.00 0.00 4.33 0.00 0.43 0.00 0.02 0.01 1.47 0.00 0.00 0.01 0.00 0.00 0.02 0.00 0.00 0.01 0.05 0.33 0.56 0.00 0.02 0.00 1.01 0.00 0.32 0.03 0.24 0.20 2.57 0.53 0.00 0.52 0.00 0.00 0.00 0.00 6.62
2021 10 12  5.52 0.98 0.80 0.27 0.00 0.19 0.01 0.04 0.01 0.00 2.90 0.00 0.00 0.72 0.03 0.16 0.00 0.02 1.74 0.39 0.00 0.33 0.15 0.00 0.31 0.00 0.02 0.01 0.00 0.05 0.07 -0.00 0.07 0.00 0.00 0.02 0.66 0.04 0.00 0.16 1.24 0.33 0.00 0.05 2.14 0.01 0.34 0.00 0.00 1.19
2021 10 13  9.55 0.59 0.49 0.42 0.00 0.02 0.00 0.71 0.00 0.00 1.13 0.00 0.00 0.01 0.02 2.11 0.00 0.00 2.07 0.01 0.01 0.35 0.04 0.04 0.36 0.02 0.03 0.12 0.00 0.00 0.05 0.68 0.00 -0.00 0.00 0.44 1.58 0.00 0.02 0.00 0.00 0.02 0.00 0.04 0.22 0.00 0.04 0.06 0.00 0.06
2021 10 14  1.09 0.01 0.19 14.78 0.01 1.49 0.00 4.29 0.03 0.01 1.46 0.00 0.36 0.00 0.01 3.10 0.08 0.00 0.25 0.24 0.03 0.14 0.00 0.07 0.00 0.13 0.01 0.10 0.05 0.00 0.86 5.07 0.01 0.00 0.01 2.14 0.22 0.00 3.81 0.00 0.40 0.00 0.00 0.00 0.01 0.00 0.00 4.41 0.10 0.17
2021 10 15  0.00 0.00 0.46 7.57 0.02 0.01 0.03 0.02 0.00 1.24 0.00 0.00 0.90 0.00 0.01 0.04 0.27 0.06 0.00 0.00 0.47 0.00 0.00 0.18 0.03 1.94 0.01 0.07 0.16 0.08 3.46 6.74 0.01 0.00 0.04 0.06 0.01 0.67 4.97 0.00 2.58 0.29 0.01 0.00 0.00 0.00 0.00 0.03 0.01 3.24
2021 10 16  0.30 0.03 0.00 0.03 0.00 0.09 0.02 0.82 0.14 6.09 0.03 0.03 6.17 1.86 0.03 0.01 4.71 2.06 2.61 0.02 6.10 3.09 0.00 0.04 0.21 1.28 0.01 0.02 0.00 0.03 5.92 1.90 0.01 0.00 0.01 1.49 0.00 0.00 0.06 0.05 2.99 1.00 0.02 0.01 0.00 0.00 0.00 0.01 0.01 1.26
2021 10 17  0.01 0.18 0.00 0.01 0.00 0.00 0.02 0.00 0.02 3.93 0.07 0.10 6.90 4.22 0.08 0.07 1.87 0.96 2.45 0.03 13.41 0.60 0.00 1.98 0.14 0.00 0.00 0.04 0.01 0.22 0.02 0.00 0.05 0.00 0.00 0.01 0.00 0.07 3.66 0.05 0.15 0.38 0.03 0.33 0.52 0.03 0.01 0.00 0.05 0.20
2021 10 18  0.00 0.68 0.01 0.06 0.02 0.00 1.04 0.00 0.23 2.24 0.04 0.04 0.17 0.64 0.03 0.00 0.21 1.42 1.54 0.04 6.36 0.00 0.01 4.65 0.16 0.00 0.00 0.04 5.35 2.43 0.01 0.00 3.40 0.00 0.07 1.40 0.00 0.00 1.09 0.03 0.00 2.49 0.05 0.67 0.23 0.48 0.02 0.43 0.01 0.00
2021 10 19  2.34 0.03 0.00 6.93 0.00 0.00 3.15 0.00 3.44 0.16 0.69 0.06 0.00 0.03 0.00 0.00 0.00 0.22 6.35 0.12 0.09 0.00 0.22 7.74 0.00 0.00 0.00 0.00 1.75 0.06 1.99 0.00 9.51 0.00 0.36 2.55 0.02 10.64 0.98 0.02 0.00 2.33 0.08 0.87 0.00 1.40 0.17 11.24 0.00 0.00
2021 10 20  0.28 0.04 0.02 10.08 0.00 2.59 0.00 0.01 0.01 0.09 0.03 0.07 0.00 0.04 0.11 0.01 0.00 1.77 0.86 1.90 0.00 0.00 1.78 10.25 0.00 0.00 0.00 0.00 4.23 0.13 0.77 0.01 2.54 0.01 3.94 0.51 0.07 2.73 0.00 0.88 0.00 0.59 0.02 0.14 0.00 0.82 7.00 0.41 0.00 0.00
2021 10 21  0.55 0.12 0.02 9.15 0.00 5.19 0.01 0.07 0.00 2.29 0.01 0.00 0.06 0.03 1.08 0.00 0.07 0.23 0.00 3.40 0.06 0.02 1.07 3.58 0.00 0.03 0.00 0.01 0.30 4.73 0.79 0.01 10.49 0.06 0.05 0.27 0.08 0.01 0.00 0.04 0.00 0.00 1.23 0.00 0.00 0.11 2.94 0.02 0.02 0.02
2021 10 22  0.51 0.00 0.07 10.79 0.00 18.29 0.03 0.05 0.00 0.07 0.00 0.01 0.05 0.13 0.16 0.00 0.13 0.00 0.00 1.53 2.49 0.01 0.07 0.37 0.00 0.01 0.01 0.11 0.85 0.23 0.91 0.08 5.28 0.03 3.26 0.18 0.03 0.01 0.01 0.03 0.02 0.00 0.23 1.20 0.08 3.28 0.03 0.50 1.54 0.06
2021 10 23  0.11 0.11 0.46 0.07 0.00 1.60 0.11 0.04 0.00 0.02 0.00 0.12 0.04 1.58 1.97 0.02 0.42 0.03 0.00 6.86 1.45 0.08 0.95 1.30 0.02 0.16 0.05 0.08 0.11 0.03 0.02 0.20 3.34 0.03 14.26 2.79 0.04 0.01 0.02 0.98 0.17 0.11 0.06 1.15 3.79 0.40 1.39 0.02 2.26 0.02
2021 10 24  0.00 2.28 0.00 0.58 0.07 6.75 0.68 4.78 0.02 0.00 0.00 0.00 0.00 0.04 0.28 0.02 0.00 0.08 0.00 0.69 2.05 0.05 0.13 4.68 0.01 1.05 0.00 0.12 1.34 0.00 0.00 3.99 1.65 0.08 1.59 6.25 0.02 0.06 0.04 3.29 0.47 0.00 3.82 0.37 0.78 0.01 0.04 0.00 0.04 0.06
2021 10 25  0.02 0.34 0.00 0.01 0.11 0.01 1.29 13.40 0.02 0.00 0.00 0.00 0.00 0.00 0.23 0.07 0.00 0.00 -0.00 8.13 2.73 0.02 0.00 4.48 0.02 0.99 0.00 0.58 6.15 0.01 0.06 0.03 20.90 0.02 6.28 1.24 0.08 0.08 0.00 3.69 0.00 0.00 0.76 0.03 0.39 1.08 0.05 0.00 0.03 0.10
2021 10 26  0.94 0.02 0.00 0.00 0.12 0.00 1.29 2.47 0.00 0.00 0.02 0.01 0.02 0.00 0.07 0.16 0.01 0.00 0.00 3.34 1.83 0.03 0.00 0.00 0.07 0.43 0.05 1.10 1.06 0.01 0.07 0.40 2.27 0.03 0.15 0.01 0.10 14.93 0.02 2.64 0.54 0.00 2.77 0.28 0.25 7.29 0.19 0.00 0.08 0.08
2021 10 27  0.76 0.00 -0.00 0.01 0.04 0.00 2.96 -0.00 0.00 0.00 0.04 0.05 0.46 0.00 0.00 3.17 0.02 0.02 0.03 16.27 0.15 0.04 0.00 0.12 0.06 0.08 0.15 0.21 0.01 0.01 0.84 1.14 5.82 0.11 0.30 4.40 2.11 10.10 3.53 9.94 0.28 0.00 8.70 0.20 0.12 0.02 0.00 0.01 0.13 0.03
2021 10 28  6.33 0.26 0.49 0.03 0.03 0.00 7.36 0.89 0.09 0.00 0.01 0.05 0.11 0.02 0.00 1.40 1.95 5.23 0.15 4.94 2.36 0.05 0.00 0.04 0.00 0.01 0.10 0.63 0.04 0.59 3.75 0.14 0.15 0.08 0.84 5.07 1.97 1.05 5.64 9.03 0.00 0.00 0.82 5.55 8.01 0.00 0.04 0.00 0.70 0.07
2021 10 29  1.78 3.25 0.00 0.02 0.07 0.00 3.25 0.42 0.02 0.04 0.00 0.03 0.44 0.09 1.14 5.08 0.30 0.66 3.34 1.12 11.31 0.12 0.00 0.00 0.01 0.01 0.04 8.30 0.09 2.58 0.31 2.85 -0.00 0.02 0.44 11.61 0.17 0.01 0.19 1.14 0.35 0.00 0.02 0.95 8.02 0.00 0.03 0.04 0.30 0.08
2021 10 30  0.26 0.05 0.00 0.03 0.03 0.00 1.79 1.30 0.00 0.52 0.01 0.08 0.19 0.54 1.64 12.62 0.01 0.22 5.29 0.82 6.06 1.41 0.03 0.28 0.03 0.03 0.04 5.30 0.39 0.18 0.73 4.37 0.02 0.01 2.79 0.82 1.23 13.42 0.00 14.68 0.28 0.01 0.02 1.69 0.02 0.01 0.08 0.03 0.00 0.05
2021 10 31  0.89 0.03 0.00 0.04 0.00 0.04 1.70 6.43 0.00 4.61 0.01 0.02 0.57 2.32 0.10 19.77 0.00 0.07 3.34 0.00 3.11 1.03 0.14 0.59 0.09 0.01 0.08 0.16 0.79 1.73 0.40 9.39 1.33 0.00 2.73 1.07 0.00 1.55 1.23 14.29 0.00 1.23 0.01 0.04 0.67 0.00 0.03 0.06 0.00 1.24
2021 11 1  8.41 1.90 0.06 0.02 1.34 0.03 0.38 0.24 0.00 0.16 0.01 0.04 0.03 2.14 3.63 6.58 1.43 0.01 0.41 0.00 0.59 0.01 0.00 0.00 0.07 0.01 0.02 0.01 0.08 4.75 0.11 7.60 2.27 0.00 0.50 1.07 0.61 0.02 2.92 10.04 -0.00 0.35 0.02 1.62 2.49 0.00 0.08 0.64 0.04 1.17
2021 11 2  7.11 5.48 0.06 0.03 0.16 0.05 0.34 0.01 0.00 0.18 0.00 0.01 0.01 2.68 19.73 7.27 1.75 0.27 8.72 0.00 0.35 0.02 0.00 0.00 0.04 0.01 0.10 0.01 0.00 0.14 8.37 18.95 0.73 0.00 0.00 3.95 0.68 0.00 1.33 11.59 0.00 11.50 0.01 0.64 5.68 0.01 1.88 1.82 0.15 0.18
2021 11 3  13.75 0.57 0.12 0.04 0.78 0.00 4.30 0.00 0.00 1.36 0.00 0.00 0.11 0.09 17.07 0.03 5.03 0.00 4.44 0.06 0.55 0.22 0.00 0.00 0.01 0.03 5.00 0.18 0.37 1.81 1.99 2.71 1.27 0.04 0.00 0.45 0.06 3.23 0.01 3.25 0.11 1.19 2.33 1.84 0.03 0.00 0.96 0.31 0.03 0.03
2021 11 4  9.16 0.04 0.08 0.06 1.00 0.06 0.69 0.09 0.00 0.59 0.03 0.00 0.01 0.82 5.09 0.00 18.46 0.00 0.07 0.07 0.02 0.97 0.00 0.00 0.00 0.03 4.14 0.03 5.92 0.07 7.90 8.91 0.02 0.66 0.00 13.02 0.01 1.58 1.55 0.34 0.11 0.00 15.55 7.11 0.00 0.00 0.21 0.02 0.00 0.48
2021 11 5  0.66 0.03 0.14 0.00 7.26 5.68 4.80 0.04 0.00 0.01 0.09 0.00 0.39 1.41 11.44 0.02 2.52 11.22 0.00 0.07 0.04 1.17 0.00 0.00 0.00 0.00 3.92 1.38 13.73 0.03 1.20 3.22 0.01 1.32 0.00 6.17 0.00 4.92 10.45 13.24 0.09 0.05 1.62 13.25 0.00 0.00 1.33 0.20 0.08 0.96
2021 11 6  2.84 0.03 6.56 0.00 1.52 8.93 17.62 0.00 0.00 0.00 0.00 0.00 5.21 1.99 0.26 0.04 4.07 3.85 0.00 0.00 0.04 0.04 0.10 0.00 0.00 0.02 0.54 1.79 3.01 0.00 6.36 0.51 0.00 0.05 0.03 0.63 0.01 6.08 3.50 5.08 0.05 0.01 0.70 11.04 0.00 0.00 5.02 3.20 0.20 0.66
2021 11 7  0.96 0.02 5.38 0.00 0.92 8.63 18.07 0.00 0.00 0.00 0.00 0.07 4.12 0.24 0.00 0.04 1.17 5.84 0.00 0.05 0.31 0.49 0.14 0.04 0.01 0.03 0.00 2.29 0.01 0.17 11.33 0.04 0.14 0.01 0.03 0.11 0.05 4.38 0.52 1.76 0.12 0.00 0.91 1.46 0.00 0.01 0.69 4.02 0.00 1.31
2021 11 8  7.11 0.07 3.30 0.00 2.26 0.00 2.56 0.01 7.70 0.01 0.00 0.11 10.94 0.12 0.36 0.01 5.63 0.47 0.01 6.77 6.47 0.90 0.02 0.10 0.03 0.20 0.00 0.01 0.00 0.03 0.34 0.40 3.79 1.15 0.03 0.11 0.11 0.04 1.49 1.93 4.27 0.02 3.53 0.02 0.00 0.00 0.01 0.20 0.00 11.56
2021 11 9  7.65 1.73 3.73 0.75 1.03 0.10 2.22 0.00 14.23 0.00 0.00 0.45 5.50 0.00 3.47 0.00 0.08 0.00 0.21 3.65 2.22 0.03 0.74 0.09 0.03 0.72 0.00 0.00 0.08 0.02 0.01 0.16 0.38 3.97 0.05 0.04 0.26 0.37 0.13 1.53 5.55 0.35 4.79 0.03 0.01 0.00 0.01 0.43 0.03 2.02
2021 11 10  1.06 0.93 2.00 8.05 8.46 0.03 0.66 0.00 1.91 1.57 0.00 1.21 10.88 0.04 0.05 0.01 0.27 0.00 0.06 0.59 0.24 0.00 1.84 0.02 0.40 2.27 1.34 0.00 0.08 1.05 0.36 0.01 0.52 2.75 0.08 0.02 0.15 0.06 0.32 3.28 0.05 6.89 0.26 0.05 0.01 0.01 0.36 0.53 0.35 10.89
2021 11 11  0.33 1.97 1.59 6.23 0.30 0.27 0.28 0.00 3.48 0.08 0.00 13.35 6.03 0.01 1.12 0.01 0.20 0.00 0.78 0.04 0.00 0.00 1.23 0.00 0.00 1.82 0.97 0.00 0.03 0.20 0.02 0.01 1.91 1.56 1.23 3.04 0.28 0.04 1.14 0.33 3.55 6.68 0.00 2.12 0.03 0.07 0.05 0.00 1.81 0.74
2021 11 12  2.87 0.71 0.30 17.08 0.11 0.06 5.24 0.00 0.01 3.57 0.03 8.99 0.80 0.00 0.03 0.03 3.48 0.00 1.89 3.28 0.00 0.01 0.45 0.01 0.00 0.96 1.37 0.05 0.07 0.00 0.09 1.84 6.50 0.70 2.46 0.92 0.09 0.81 0.06 13.62 6.35 23.34 0.00 3.08 0.18 1.43 2.70 1.92 0.55 0.78
2021 11 13  5.53 0.05 0.06 7.32 0.04 0.00 6.96 0.02 0.00 6.98 0.45 4.71 1.00 0.70 0.12 0.17 12.22 4.21 0.00 12.51 0.00 3.20 0.01 14.79 0.00 7.02 3.07 0.10 1.81 0.01 0.18 0.28 0.02 6.02 11.35 2.75 0.24 0.61 0.08 1.53 0.13 1.89 0.00 3.00 2.71 3.25 8.68 10.15 0.38 0.03
2021 11 14  0.14 0.72 1.14 2.06 0.50 0.00 2.65 0.01 0.00 7.51 1.60 12.63 14.91 8.26 0.16 1.47 0.74 0.11 0.00 3.32 1.87 2.58 0.04 3.81 1.81 0.40 0.18 0.04 0.99 0.01 0.28 0.01 0.09 24.64 1.40 10.36 0.04 0.05 0.02 1.15 0.13 12.25 0.01 2.19 0.01 2.13 0.16 9.72 1.55 0.05
2021 11 15  0.02 1.74 12.92 0.02 0.16 0.00 0.38 0.13 0.01 1.73 0.21 27.49 8.44 0.64 0.01 0.07 5.76 3.08 0.00 0.08 0.77 0.11 3.34 0.02 0.25 7.34 0.00 0.81 0.15 0.01 1.20 0.01 0.58 18.47 1.09 7.88 0.02 0.06 0.02 11.98 0.02 14.74 0.00 3.30 0.04 1.24 0.00 8.33 2.85 5.98
2021 11 16  0.46 0.36 1.35 0.15 0.02 0.00 0.21 0.09 0.01 4.70 0.18 3.24 0.11 0.00 0.38 0.21 18.83 0.03 0.01 0.01 0.14 0.14 0.46 0.00 1.32 13.74 0.41 0.42 0.00 0.01 1.10 0.12 18.45 19.67 22.03 2.47 0.40 0.01 0.03 5.21 0.92 26.60 0.01 0.44 0.01 1.76 0.00 30.49 1.86 0.62
2021 11 17  0.01 0.03 2.00 2.00 0.08 0.11 0.28 0.04 0.00 4.73 0.03 0.29 0.79 0.08 0.00 0.00 9.32 0.00 0.08 1.37 0.40 0.24 2.86 0.00 0.28 14.45 6.36 0.00 0.01 0.02 0.11 3.28 0.58 10.95 5.70 0.06 0.02 0.01 0.01 16.06 0.27 32.64 0.16 0.03 0.01 0.48 0.00 8.99 0.46 0.01
2021 11 18  0.00 1.62 3.72 0.04 1.99 0.20 0.02 0.09 0.01 4.68 0.00 3.21 0.05 0.00 0.01 0.01 18.47 0.00 0.67 2.27 0.28 0.04 1.81 0.00 0.00 0.67 2.11 0.73 0.66 0.30 0.01 0.92 3.23 3.66 5.23 2.27 0.00 0.21 0.00 6.48 2.44 18.44 0.11 0.05 0.01 0.24 0.00 18.82 2.01 0.03
2021 11 19  0.01 4.76 1.04 0.13 0.54 0.02 0.16 0.19 0.00 3.28 0.00 3.78 3.06 -0.00 0.04 0.04 4.05 0.00 0.70 0.48 2.29 8.34 2.03 0.39 0.82 7.28 8.49 2.78 0.29 3.87 0.05 0.00 6.57 3.94 3.18 6.10 0.00 3.33 0.00 0.02 0.42 1.86 0.00 0.08 0.01 0.14 0.03 10.94 17.10 2.59
2021 11 20  0.00 7.54 6.79 3.33 0.02 0.04 6.22 0.01 0.01 0.76 0.00 0.20 2.29 0.29 0.13 4.86 2.54 0.00 0.04 1.55 5.39 3.88 4.03 1.50 1.11 19.24 1.27 1.62 0.34 11.33 0.14 0.11 0.02 4.44 15.10 1.13 0.16 1.85 0.01 0.40 0.57 4.55 0.00 0.07 -0.00 0.45 0.00 0.34 6.01 3.29
2021 11 21  0.00 16.88 28.36 11.06 2.81 2.09 12.81 6.13 0.01 0.31 0.06 0.04 15.89 0.05 0.00 1.06 1.28 0.03 0.01 1.99 10.26 0.73 4.54 0.89 1.65 11.62 1.30 0.20 0.30 5.17 0.26 0.78 0.06 0.08 3.74 9.54 2.51 0.24 0.00 16.00 0.00 7.90 0.02 0.03 0.00 0.32 0.00 10.40 17.47 7.74
2021 11 22  0.02 4.61 28.43 12.94 9.43 1.82 0.80 10.46 0.02 4.82 0.01 0.07 0.81 8.98 0.00 3.75 0.05 2.81 0.04 0.39 5.59 4.00 1.64 6.78 2.33 13.81 1.28 0.16 7.65 3.95 0.05 0.00 14.15 0.08 0.61 2.24 0.77 0.40 1.60 0.40 0.63 0.01 0.04 1.39 0.00 7.08 0.23 10.36 10.28 4.14
2021 11 23  0.03 1.23 0.67 0.58 2.45 0.93 5.77 1.25 0.04 9.16 0.00 0.07 0.00 0.18 0.01 10.12 0.00 0.44 0.70 3.98 1.57 0.21 4.34 6.86 0.06 2.92 0.25 3.41 0.06 3.11 0.05 0.01 3.78 16.37 0.35 1.32 9.41 7.21 14.50 0.00 10.05 1.29 0.01 2.33 0.01 0.22 1.22 2.44 1.85 1.53
2021 11 24  0.07 1.74 13.39 6.05 0.57 0.17 3.52 0.03 0.42 8.30 0.00 0.54 4.04 3.63 0.00 15.67 0.00 1.01 1.16 0.30 10.10 5.50 0.44 1.05 2.84 5.57 11.38 12.90 0.00 7.42 0.04 0.20 0.05 3.22 0.48 3.99 1.78 2.59 21.92 3.97 1.58 7.87 0.01 7.78 0.04 1.75 0.24 0.08 0.04 0.08
2021 11 25  0.09 1.01 20.46 1.63 0.05 0.05 0.59 0.02 0.19 0.48 0.01 0.61 1.66 7.03 0.10 0.27 0.01 1.56 0.15 10.71 20.38 4.54 4.73 0.04 3.81 3.71 9.12 3.25 0.08 0.14 2.35 0.12 0.05 2.39 2.02 9.07 2.44 4.37 14.80 0.06 0.18 12.50 0.00 0.11 3.33 11.92 1.29 3.49 0.03 1.47
2021 11 26  0.12 8.55 3.93 1.19 6.88 0.01 0.05 0.02 0.04 0.06 0.01 0.03 0.82 0.90 10.54 0.01 0.07 14.66 0.05 8.45 2.03 12.29 2.03 0.00 13.41 12.14 21.72 0.77 0.16 0.92 7.18 0.06 0.00 0.01 6.78 2.23 0.16 5.96 20.19 0.00 0.06 4.35 0.01 0.07 8.23 5.84 0.07 0.10 0.58 3.10
2021 11 27  0.08 21.94 2.80 15.13 2.46 0.08 1.47 0.09 1.57 0.06 0.00 0.04 5.11 2.11 5.65 4.24 0.01 10.80 0.00 13.01 0.02 0.38 1.65 0.00 11.43 3.05 9.09 4.11 0.00 2.46 18.66 8.28 0.16 3.45 14.11 0.15 9.27 2.66 5.20 0.01 1.48 2.23 0.02 0.08 0.59 0.90 0.00 0.15 8.01 0.16
2021 11 28  0.04 18.34 9.72 1.66 0.24 0.02 0.34 0.12 2.60 0.34 0.02 0.79 13.68 2.55 11.47 2.77 0.09 5.05 0.01 33.66 0.03 0.15 2.22 0.06 14.60 1.20 1.31 3.68 0.20 0.55 23.91 9.04 0.03 1.29 3.52 8.02 5.12 15.40 4.75 0.03 5.88 3.90 0.01 4.08 0.00 5.01 0.00 0.09 0.87 0.00
2021 11 29  0.35 2.51 0.07 12.06 0.05 0.09 0.04 9.57 12.14 0.02 0.05 5.85 17.40 0.17 1.37 0.08 0.59 12.31 0.01 7.47 0.01 0.04 8.26 0.41 15.41 0.02 17.07 0.44 1.86 14.98 18.07 3.65 0.04 0.05 14.87 7.16 25.35 20.68 8.80 0.06 0.02 2.92 0.82 0.03 0.07 11.33 0.01 0.05 3.29 0.17
2021 11 30  7.94 21.56 0.02 6.61 0.04 0.14 0.04 0.73 14.88 0.02 0.00 0.07 6.01 0.03 0.96 0.07 0.11 5.01 0.01 0.02 0.03 0.26 7.83 0.07 2.49 0.58 11.24 17.62 0.02 2.98 15.86 26.08 0.07 0.00 9.93 9.81 7.06 4.65 18.14 0.01 7.00 0.07 7.18 0.15 0.05 2.26 0.88 0.03 22.17 0.86
